1                               1
2                               2
3                               3
4                               4
32                              5
123                             6
43                              7
2123                            8
432                             9
1234                            10
32123                           11
43212                           12
34321                           13
23432                           14
123432                          15

123432 1                         16
234321 2                         17
343212 3                         18
432123 4                         19
321234 32                                20
123432 123                               21
432123 43                                22
212343 2123                              23
432123 432                               24
123432 1234                              25	
321234 32123                             26
432123 43212                             27
343212 34321                             28
234321 23432                             29
123432 123432                            30

123432 123432 1                           31
234321 234321 2                           32
343212 343212 3                           33
432123 432123 4                           34
321234 321234 32                          35
123432 123432 123                         36
432123 432123 43                          37
212343 212343 2123                  	38
432123 432123 432                         39
123432 123432 1234                                40
321234 321234 32123                               41
432123 432123 43212                               42
343212 343212 34321                               43
234321 234321 23432                               44
123432 123432 123432                              45

123432 123432 123432 1                             46
234321 234321 234321 2                             47
343212 343212 343212 3                             48
432123 432123 432123 4                             49
321234 321234 321234 32                            50
123432 123432 123432 123                           51
432123 432123 432123 43                            52
212343 212343 212343 2123                          53
432123 432123 432123 432                           54
123432 123432 123432 1234                          55
321234 321234 321234 32123                         56
432123 432123 4321234 3212                         57
343212 343212 3432123 4321                         58
234321 234321 2343212 3432                         59